2e-06 233.299
8e-06 233.012
1.8e-05 232.739
3.2e-05 232.48
5e-05 232.233
7.2e-05 231.998
9.8e-05 231.772
0.000128 231.556
0.000162 231.349
0.0001805 231.249
0.0002 231.15
0.00045 230.257
0.0008 229.499
0.00125 228.841
0.0018 228.262
0.0032 227.286
0.005 226.499
0.0072 225.866
0.0098 225.374
0.0128 225.028
0.0162 224.855
0.02 227.743
0.02205 231.728
0.0242 236.365
0.02645 241.534
0.0288 247.137
0.03125 253.103
0.0338 259.381
0.03645 265.936
0.0392 272.746
0.04205 279.793
0.045 287.066
0.0512 302.257
0.05445 310.165
0.0578 318.277
0.06125 326.59
0.0648 335.103
0.06845 343.814
0.0722 352.723
0.07605 361.83
0.08 371.133
0.08405 380.632
0.0882 390.327
0.09245 400.218
0.0968 410.305
0.10125 420.587
0.1058 431.064
0.11045 441.736
0.1152 452.602
0.12005 463.662
0.125 474.915
0.1352 497.997
0.1458 521.842
0.1568 546.441
0.1682 571.782
0.18 597.85
0.1922 624.63
0.2048 652.101
0.2178 680.24
0.2312 709.018
0.245 738.404
0.2592 768.36
0.2738 798.842
0.2888 829.801
0.3042 861.178
0.32 892.908
0.3362 924.926
0.3528 960.909
0.3698 996.342
0.3872 1030.97
0.405 1064.53
