2e-06 555.129
8e-06 554.484
1.8e-05 553.9
3.2e-05 553.364
5e-05 552.869
7.2e-05 552.407
9.8e-05 551.972
0.000128 551.562
0.000162 551.174
0.0001805 550.986
0.0002 550.804
0.00045 549.176
0.0008 547.841
0.00125 546.768
0.0018 546.011
0.0032 551.425
0.005 615.91
0.0072 705.899
0.0098 805.466
0.0128 908.734
0.0162 1009.06
0.02 1097.06
0.02205 1132.51
0.0242 1159.7
0.02645 1176.52
0.0288 1181.04
0.03125 1172.18
0.0338 1151.06
0.03645 1131.83
0.0392 1125.34
0.04205 1141.48
0.045 1177.0
0.04805 1170.33
0.0512 1140.59
0.05445 1112.75
0.0578 1086.62
0.06125 1062.05
0.0648 1038.92
0.06845 1017.1
0.0722 996.483
0.07605 976.973
0.08 958.485
0.08405 940.941
0.0882 924.272
0.09245 908.414
0.0968 893.311
0.10125 878.911
0.1058 865.165
0.11045 852.032
0.1152 839.471
0.12005 827.447
0.125 815.927
0.1352 794.279
0.1458 774.312
0.1568 755.843
0.1682 738.717
0.18 722.8
0.1922 707.975
0.2048 694.142
0.2178 681.211
0.2312 669.106
0.245 657.758
0.2592 647.104
0.2738 637.09
0.2888 627.665
0.3042 618.785
0.32 610.409
0.3362 602.504
0.3528 595.037
0.3698 587.986
0.3872 581.333
0.405 575.071
