2e-06 371.05
8e-06 370.625
1.8e-05 370.243
3.2e-05 369.95
5e-05 369.665
7.2e-05 369.386
9.8e-05 369.112
0.000128 368.844
0.000162 368.581
0.0001805 368.451
0.0002 368.322
0.00045 367.089
0.0008 365.942
0.00125 364.866
0.0018 363.851
0.0032 361.979
0.005 360.296
0.0072 369.716
0.0098 405.666
0.0128 449.198
0.0162 499.6
0.02 557.087
0.02205 588.658
0.0242 622.234
0.02645 657.917
0.0288 695.818
0.03125 736.058
0.0338 778.764
0.03645 824.071
0.0392 872.12
0.04205 923.06
0.045 977.047
0.0512 1094.81
0.05445 1158.94
0.0578 1226.8
0.06125 1298.57
0.0648 1374.47
0.06845 1454.67
0.0722 1539.4
0.07605 1628.85
0.08 1723.26
0.08405 1822.84
0.0882 1927.83
0.09245 2038.45
0.0968 2154.95
0.10125 2277.57
0.1058 2406.57
0.11045 2542.2
0.1152 2684.71
0.12005 2834.39
0.125 2993.82
0.1352 3344.16
0.1458 3727.55
0.1568 4145.83
0.1682 4600.84
