2e-06 233.299
8e-06 233.012
1.8e-05 232.739
3.2e-05 232.48
5e-05 232.233
7.2e-05 231.998
9.8e-05 231.772
0.000128 231.557
0.000162 231.35
0.0001805 231.249
0.0002 231.151
0.00045 230.258
0.0008 229.5
0.00125 228.844
0.0018 228.266
0.0032 227.292
0.005 226.506
0.0072 225.87
0.0098 225.367
0.0128 224.993
0.0162 224.755
0.02 224.677
0.02205 224.76
0.0242 227.323
0.02645 230.267
0.0288 233.512
0.03125 236.976
0.0338 240.588
0.03645 244.287
0.0392 248.024
0.04205 251.758
0.045 255.453
0.04805 259.079
0.0512 262.607
0.05445 266.009
0.0578 269.262
0.06125 272.339
0.0648 275.217
0.06845 277.873
0.0722 280.282
0.07605 282.42
0.08 284.266
0.08405 285.795
0.0882 286.985
0.09245 287.814
0.0968 288.263
0.10125 288.312
0.1058 287.945
0.11045 287.148
0.1152 285.913
0.12005 284.238
0.125 282.128
0.1352 276.687
0.1458 271.437
0.1568 272.523
0.1682 275.29
0.18 280.631
0.1922 288.665
0.2048 283.48
0.2178 278.307
0.2312 273.478
0.245 268.963
0.2592 264.74
0.2738 260.787
0.2888 257.088
0.3042 253.628
0.32 250.396
0.3362 247.384
0.3528 244.589
0.3698 242.01
0.3872 239.652
0.405 237.524
