2e-06 555.129
8e-06 554.484
1.8e-05 553.899
3.2e-05 553.364
5e-05 552.868
7.2e-05 552.406
9.8e-05 551.972
0.000128 551.562
0.000162 551.172
0.0001805 550.985
0.0002 550.802
0.00045 549.174
0.0008 547.842
0.00125 546.785
0.0018 546.092
0.0032 560.377
0.005 647.97
0.0072 771.57
0.0098 927.554
0.0128 1121.57
0.0162 1361.89
0.02 1658.82
0.02205 1832.31
0.0242 2024.78
0.02645 2238.12
0.0288 2474.38
0.03125 2735.78
0.0338 3024.68
0.03645 3343.63
0.0392 3695.35
0.04205 4082.77
0.045 4508.99
0.04805 4977.33
0.0512 5491.33
0.05445 6054.75
0.0578 6671.93
0.06125 7357.16
0.0648 8105.01
0.06845 8920.13
0.0722 9807.47
0.07605 10772.2
0.08 11819.9
0.08405 12956.2
0.0882 14187.2
