2e-06 371.05
8e-06 370.625
1.8e-05 370.243
3.2e-05 369.95
5e-05 369.665
7.2e-05 369.386
9.8e-05 369.112
0.000128 368.844
0.000162 368.581
0.0001805 368.451
0.0002 368.322
0.00045 367.089
0.0008 365.941
0.00125 364.865
0.0018 363.85
0.0032 361.977
0.005 360.291
0.0072 359.776
0.0098 385.08
0.0128 415.817
0.0162 448.561
0.02 481.925
0.02205 498.45
0.0242 514.655
0.02645 530.367
0.0288 545.397
0.03125 559.543
0.0338 572.587
0.03645 584.293
0.0392 594.413
0.04205 602.688
0.045 608.855
0.0512 613.897
0.05445 612.404
0.0578 608.165
0.06125 601.381
0.0648 592.601
0.06845 586.937
0.0722 585.767
0.07605 588.325
0.08 596.094
0.08405 608.642
0.0882 619.99
0.09245 609.311
0.0968 599.145
0.10125 589.456
0.1058 580.212
0.11045 571.383
0.1152 562.943
0.12005 554.867
0.125 547.133
0.1352 532.609
0.1458 519.223
0.1568 506.852
0.1682 495.388
0.18 484.74
0.1922 474.828
0.2048 465.585
0.2178 456.949
0.2312 448.871
0.245 441.303
0.2592 434.206
0.2738 427.544
0.2888 421.286
0.3042 415.401
0.32 409.864
0.3362 404.649
0.3528 399.732
0.3698 395.088
0.3872 390.693
0.405 386.525
